release: 1.0.5862.27937 on Jan 19th 2016 at 15:30, revision 760780a
demo: 1.0.5872.22010 same rev